newpars = [-36838.4674     -20955.9074     -79.0473255     -586.802179       6579.8851      3739.60844     -44.7017844      71.0590206     -2519.14432      450.052426]';

Wilson; Runzle
wpars=[  12.8694
   10.5381
  -37.2044
  -40.7875
  -29.9000
  -32.5000
    0.5421
    0.7105
   -0.5263]
  
   
   
   
   
   0.047571       1.449    -0.34025   -0.035177   -0.036128     0.08848
   
   
   
New Rundle attempt

nnpars =

    4.8782
    0.2210
   -0.0107
   -0.0005
  -11.3106
   -0.4333
    0.0063
    0.0003
   -0.0070
   
   
   
Latest attempt

npars = [
    4.9007
    0.2836
   -0.0066
   -0.0005
  -11.7529
   -0.4643
    0.0003
   -0.0075];

path2(1,:)
ans =
  -20.2608    0.2667

  
  
final time

npars/69

ans =

    4.9727
    0.2874
   -0.0067
   -0.0005
  -11.9195
   -0.4710
    0.0060
    0.0003
   -0.0076
