startpars = [2657.5808      55.300295    -0.05146403 -0.00017158271      -4989.617     -104.12737  3.7470731e-05    -0.11556926]';
